function [val1,val2]=riceExpectFuncs( A , sigma)
% [val1,val2] = riceExpectFuncs( A , sigma )
% x = rice distributed variable, with rice distribution parameters A and sigma
%  p(x) = rice(A,sigma)
% val1 = Expect_x( (d( log( p ))/d(A) )^2 )
% val2 = Expect_x( d( log( p ))/d(A) * d^2( log( p ))/d(A^2) + .5* d^3( log( p ))/d(A^3) )
%
% These 2 terms are needed for evaluating the bias of a ML estimator.
%
% The tables in this function are created with FunctionApprox_riceintfns.nb
%
% Created by Dirk Poot, Erasmus MC, 27-3-2012

cutoffbinidx=90;
limits = [0,9584,26562,42199,57113,71596,85790,99789,113666,127474,141262,155050,168913,182875,196975,211257,225769,240565,255710,271288,287410, ...
  304240,321972,341292,361236,381033,400780,420288,439332,458159,476909,495659,514511,533505,552688,572101,591783,611770,632097,652799,673913,695477, ...
  717532,740121,763293,787102,811611,836893,863035,890147,918369,947764,976669,1005285,1033734,1062099,1090464,1118829,1147267,1175801,1204458,1233262, ...
  1262235,1291397,1320766,1350360,1380197,1410295,1440673,1471349,1502344,1533679,1565379,1597471,1629985,1662955,1696422,1730432,1765042,1800320, ...
  1836352,1873235,1911121,1950212,1990812,2033432,2079241,2126708,2175053,2223919,2269660,(1099511627776/473445),(549755813888/231829),( ...
  274877906944/113739),(549755813888/223411),(1099511627776/439091),(68719476736/26979),(549755813888/212239),(1099511627776/417489),( ...
  549755813888/205331),(2147483648/789),(1099511627776/397383),(274877906944/97721),(1099511627776/384449),(1099511627776/378055),(274877906944/92919),( ...
  274877906944/91321),(137438953472/44855),(549755813888/176145),(137438953472/43191),(549755813888/169157),(274877906944/82153),(274877906944/80391),( ...
  1099511627776/315113),(1099511627776/309015),(549755813888/151571),(549755813888/148713),(1099511627776/291819),(1099511627776/286281),( ...
  274877906944/70193),(1099511627776/275263),(1099511627776/269711),(137438953472/33007),(137438953472/32275),(1099511627776/251933),( ...
  549755813888/122159),(4294967296/929),(274877906944/57971),(549755813888/113095),(549755813888/110305),(549755813888/107529),(1099511627776/209463),( ...
  549755813888/101871),(549755813888/98885),(1099511627776/191335),(1099511627776/183659),(1099511627776/175983),(549755813888/84431),( ...
  1099511627776/161741),(1099511627776/154397),(1099511627776/146645),(1099511627776/138393),(549755813888/64811),(1099511627776/120363),( ...
  1099511627776/110657),(1099511627776/100509),(274877906944/22483),(549755813888/39469),(137438953472/8443),(1099511627776/55773),(549755813888/21829), ...
  (1099511627776/31247),(1099511627776/18607),(1099511627776/5815),10485760000]'*(1/1048576);
origins = [0,36146,68761,99312,128709,157386,185579, ...
  213455,241140,268736,296312,323963,351788,379850,408232,437026,466334,496275,526998,558698,591650,626212,663264,702528,742269,781813,821068,859620, ...
  897491,935068,972568,1010170,1048016,1086193,1124789,1163884,1203553,1243867,1284896,1326712,1369390,1413009,1457653,1503414,1550395,1598713,1648504, ...
  1699928,1753182,1808516,1866133,1924433,1981954,2039019,2095833,2152563,2209293,2266096,2323068,2380259,2437720,2495497,2553632,2612163,2671126, ...
  2730557,2790492,2850968,2912022,2973693,3036023,3099058,3162850,3227456,3292940,3359377,3426854,3495474,3565362,3636672,3709587,3784356,3861333, ...
  3941024,4024244,4112673,4205949,4301761,4398972,4493579,958662,937103,918614,901778,885913,870755,856142,841967,828151,814630,801351,788267,775333, ...
  762504,749731,736960,724124,711130,697818,683842,666926,650176,636677,624128,612157,600568,589245,578100,567053,556035,544974,533767,522256,510133, ...
  496251,482142,469708,458074,446800,435668,424521,413205,401512,389105,374994,359642,344845,330603,316138,301042,285038,268015,249985,231020,211166, ...
  190441,168870,146482,123317,99431,74905,49854,24422,0]'*(1/2097152);
func2=[0,(-1/2),0,0.499999999986369710E0,0.477208836462543141E-7,(-0.375026105564936535E0),0.456992961999723041E-2;(-0.861531840644158405E-2),(-0.499554558502167962E0),0.258344409353521574E-1, ...
  0.498886753883243883E0,(-0.322722462462774418E-1),(-0.373412097876973955E0),0.301480534902293695E-1;(-0.163762900221885430E-1),(-0.498389605056464378E0),0.490497179308702700E-1,0.495978709073291004E0, ...
  (-0.611688609181341224E-1),(-0.369336781223645013E0),0.572735988975325631E-1;(-0.236248162099174801E-1),(-0.496645573124555703E0),0.706364857592674623E-1,0.491634379867646483E0,( ...
  -0.878636672765327977E-1),(-0.363227880428454098E0),0.825221404955145371E-1;(-0.305713561337644323E-1),(-0.494376497985084900E0),0.911975194469922247E-1,0.485998954789245986E0,( ...
  -0.113056161525680323E0),(-0.355275955965996407E0),0.106546208093390252E0;(-0.373132973790844344E-1),(-0.491610974956299710E0),0.110998681188019308E0,0.479156510751384065E0,(-0.137027738451437996E0),( ...
  -0.345587441079801816E0),0.129565729039554896E0;(-0.439010347968473944E-1),(-0.488368158461443957E0),0.130166340980766739E0,0.471169960042932432E0,(-0.159887168877348985E0),(-0.334243835387012599E0), ...
  0.151600736038844505E0;(-0.503684770773023171E-1),(-0.484659542067786186E0),0.148777880327168773E0,0.462085657534619195E0,(-0.181682189372177848E0),(-0.321310795432384621E0),0.172581654176567326E0;( ...
  -0.567395970722634733E-1),(-0.480491571649272237E0),0.166880901330977338E0,0.451940125897164045E0,(-0.202423134114163711E0),(-0.306849745352856643E0),0.192377982564844496E0;(-0.630323690626851685E-1), ...
  (-0.475866792176062530E0),0.184504662197095052E0,0.440763177442988557E0,(-0.222097075686919638E0),(-0.290923968713854097E0),0.210819066119407878E0;(-0.692567691730388082E-1),(-0.470788026931448552E0), ...
  0.201654866888823724E0,0.428588269998652245E0,(-0.240663453553618028E0),(-0.273614746530366446E0),0.227698704821307842E0;(-0.754280890601702156E-1),(-0.465249102040010619E0),0.218350511180086532E0, ...
  0.415430586974157756E0,(-0.258095043782456360E0),(-0.254990883931070977E0),0.242821029439592839E0;(-0.815616107536920238E-1),(-0.459238008977004134E0),0.234607851013275954E0,0.401295572553709036E0,( ...
  -0.274358609101010565E0),(-0.235122247960746391E0),0.255988323702643505E0;(-0.876637171433484783E-1),(-0.452746540535244474E0),0.250416809594448639E0,0.386202197709158357E0,(-0.289392189297066833E0),( ...
  -0.214112776745327447E0),0.266989887114569961E0;(-0.937441908228257774E-1),(-0.445759158907763558E0),0.265773719317997717E0,0.370157307943460125E0,(-0.303139246561802591E0),(-0.192064746385645334E0), ...
  0.275637921416192336E0;(-0.998134366259789294E-1),(-0.438254818469074710E0),0.280672853292509524E0,0.353161119203269452E0,(-0.315539078142368909E0),(-0.169087187253431271E0),0.281763485693509285E0;( ...
  -0.105882342067581503E0),(-0.430206485982651305E0),0.295105074249718186E0,0.335207501271603003E0,(-0.326524889083462018E0),(-0.145297118051697130E0),0.285218694300070014E0;(-0.111963278290612345E0),( ...
  -0.421578918513109086E0),0.309058939885184572E0,0.316280800030271885E0,(-0.336023517953445575E0),(-0.120816638463230128E0),0.285878547434702516E0;(-0.118072045123043959E0),(-0.412324186580972926E0), ...
  0.322523053102684075E0,0.296348662465404836E0,(-0.343954438866625575E0),(-0.957662288408342937E-1),0.283639047095295361E0;(-0.124229932132881795E0),(-0.402375479907044514E0),0.335487021634659495E0, ...
  0.275352876150455092E0,(-0.350225033387730057E0),(-0.702583432485399002E-1),0.278409547998592192E0;(-0.130468477433666821E0),(-0.391634149165821583E0),0.347945389750577597E0,0.253188912018647485E0,( ...
  -0.354722551479750852E0),(-0.443823461850014143E-1),0.270095548243392274E0;(-0.136827171984532916E0),(-0.379965622259893554E0),0.359883631848758986E0,0.229708393267213027E0,(-0.357293189771494211E0),( ...
